epochs    train_batch    eval_batch    lr    weight_decay   warmup_steps    dense_layers    train_acc    val_acc    disparity_360   disparity_120   avg_train_coeff    avg_test_coeff

25		30		30	3e-05	0.01		0		0		0.7333	0.2000		0.8017		0.7710		0.3884		`0.4288
25		30		30	3e-05	0.01		0		2		0.9667	0.2583		0.8082		0.8126		0.3744		`0.3931
25		30		30	3e-05	0.01		0		3		0.8875	0.2250		0.8817		0.8521		0.3229		`0.3624
25		30		30	3e-05	0.01		0		4		0.7708	0.2000		0.8226		0.8146		0.3746		`0.3930
25		30		30	3e-05	0.01		0		5		0.6667	0.1917		0.8111		0.8030		0.3933		`0.4119
25		120		120	3e-05	0.01		0		0		0.8083	0.1833		0.7888		0.7724		0.4144		`0.4320
25		120		120	3e-05	0.01		0		2		0.7542	0.1750		0.7949		0.7908		0.4169		`0.4336
25		120		120	3e-05	0.01		0		3		0.7833	0.1750		0.8037		0.7722		0.3798		`0.4128
25		120		120	3e-05	0.01		0		4		0.7125	0.1750		0.8298		0.7944		0.3770		`0.4017
25		120		120	3e-05	0.01		0		5		0.6917	0.1333		0.8510		0.8556		0.3300		`0.3335
25		60		60	3e-05	0.01		0		0		0.8333	0.2083		0.8579		0.8300		0.3295		`0.3783
25		60		60	3e-05	0.01		0		2		0.8167	0.1333		0.7898		0.7644		0.3879		`0.4106
25		60		60	3e-05	0.01		0		3		0.8500	0.1833		0.8558		0.8507		0.3511		`0.3463
25		60		60	3e-05	0.01		0		4		0.9250	0.1833		0.8313		0.8238		0.3829		`0.3960
25		60		60	3e-05	0.01		0		5		0.8083	0.2583		0.8120		0.7849		0.3777		`0.4146
25		60		60	3e-05	0.01		10		0		0.8125	0.1833		0.8224		0.8155		0.3829		`0.3849
25		60		60	3e-05	0.01		20		0		0.8833	0.2167		0.8006		0.7673		0.4015		`0.4499
25		30		30	1e-05	0.01		0		0		0.6375	0.1000		0.8371		0.8043		0.3620		`0.4015
25		30		30	0.0001	0.01		0		0		0.9542	0.3083		0.8272		0.8161		0.3774		`0.3980
25		30		30	0.001	0.01		0		0		0.0583	0.0750		0.7834		0.7301		0.3984		`0.4470
25		30		30	0.01	0.01		0		0		0.0292	0.0250		0.8540		0.8572		0.2795		`0.2917
25		30		30	3e-05	0.05		0		0		0.7458	0.1917		0.8245		0.7964		0.3962		`0.4330
25		30		30	0.0001	0.05		0		0		0.8542	0.2750		0.7342		0.7287		0.4567		`0.4703     ################ Best Model 224 ##################
25		30		30	0.001	0.05		0		0		0.0625	0.0583		0.8219		0.7846		0.3695		`0.4248
25		120		120	0.001	0.05		0		0		0.3042	0.1417		0.7991		0.7862		0.4043		`0.4294
25		60		60	0.001	0.05		0		0		0.0750	0.0917		0.7485		0.7257		0.4497		`0.4633
25		30		30	0.01	0.05		0		0		0.0333	0.0417		0.8904		0.8770		0.2402		`0.2810

He Normal Initializer
25		30		30	3e-05	0.01		0		0		0.8917	0.1500		0.7913		0.8205		0.3951		0.3761
25		30		30	3e-05	0.01		0		2		0.8208	0.2083		0.8523		0.8475		0.3616		0.3714
25		30		30	3e-05	0.01		0		3		0.8417	0.1917		0.8319		0.8340		0.3617		0.3740
25		30		30	3e-05	0.01		0		4		0.7667	0.2083		0.8332		0.8312		0.3654		0.3621
25		30		30	3e-05	0.01		0		5		0.5250	0.1583		0.8541		0.8636		0.3556		0.3514
25		120		120	3e-05	0.01		0		0		0.6250	0.0917		0.8083		0.8210		0.3794		0.3771
25		120		120	3e-05	0.01		0		2		0.5958	0.1500		0.8502		0.8358		0.3579		0.3904
25		120		120	3e-05	0.01		0		3		0.5375	0.1250		0.8159		0.8050		0.3814		0.4030
25		120		120	3e-05	0.01		0		4		0.8208	0.2333		0.8445		0.8472		0.3530		0.3477
25		120		120	3e-05	0.01		0		5		0.6125	0.1083		0.8465		0.8468		0.3493		0.3564
25		60		60	3e-05	0.01		0		0		0.8333	0.1583		0.8129		0.8287		0.3739		0.3754
25		60		60	3e-05	0.01		0		2		0.6542	0.1417		0.8515		0.8323		0.3583		0.3938
25		60		60	3e-05	0.01		0		3		0.8458	0.1583		0.8060		0.8054		0.3998		0.4063
25		60		60	3e-05	0.01		0		4		0.8667	0.2167		0.8607		0.8655		0.3340		0.3301
25		60		60	3e-05	0.01		0		5		0.3083	0.1083		0.8313		0.8370		0.3631		0.3669
25		60		60	3e-05	0.01		10		0		0.8375	0.1917		0.7995		0.8146		0.3886		0.3776
25		60		60	3e-05	0.01		20		0		0.8167	0.1583		0.8128		0.8389		0.3749		0.3552
25		30		30	1e-05	0.01		0		0		0.5875	0.0667		0.8019		0.8225		0.3816		0.3745
25		30		30	0.0001	0.01		0		0		0.9208	0.2000		0.8550		0.8223		0.3551		0.3848
25		30		30	0.001	0.01		0		0		0.0375	0.0250		0.7319		0.6973		0.4574		0.5040
25		30		30	0.01	0.01		0		0		0.0375	0.0500		0.8734		0.8616		0.2325		0.2673
25		30		30	3e-05	0.05		0		0		0.7917	0.1917		0.8106		0.8255		0.3791		0.3756
25		30		30	0.0001	0.05		0		0		0.8750	0.2417		0.8026		0.8045		0.3896		0.3979
25		30		30	0.001	0.05		0		0		0.0958	0.0750		0.8964		0.8753		0.3171		0.3561
25		120		120	0.001	0.05		0		0		0.0750	0.1000		0.8319		0.8145		0.3650		0.3948
25		60		60	0.001	0.05		0		0		0.0875	0.0583		0.7311		0.7391		0.4480		0.4333
25		30		30	0.01	0.05		0		0		0.0292	0.0417		0.8519		0.8377		0.2826		0.3257

Relu Activation
25		30		30	3e-05	0.01		0		0		0.0417	0.0167		0.8772		0.9117		0.2920		0.2434
25		30		30	3e-05	0.01		0		2		0.0542	0.0417		0.7956		0.7620		0.3987		0.4498
25		30		30	3e-05	0.01		0		3		0.2458	0.0917		0.7901		0.7620		0.4252		0.4243
25		30		30	3e-05	0.01		0		4		0.0125	0.0667		0.9356		0.9020		0.2346		0.2844
25		30		30	3e-05	0.01		0		5		0.0750	0.0750		0.8506		0.8278		0.3316		0.3569
25		120		120	3e-05	0.01		0		0		0.2958	0.0833		0.8044		0.8162		0.3676		0.3766
25		120		120	3e-05	0.01		0		2		0.1417	0.0583		0.9136		0.8913		0.2725		0.2923
25		120		120	3e-05	0.01		0		3		0.0333	0.0333		0.8856		0.8958		0.3160		0.3070
25		120		120	3e-05	0.01		0		4		0.1250	0.0750		0.9319		0.8452		0.2400		0.3538
25		120		120	3e-05	0.01		0		5		0.0417	0.0333		0.8634		0.8443		0.3249		0.3544
25		60		60	3e-05	0.01		0		0		0.1500	0.0333		0.9160		0.8955		0.2455		0.2739
25		60		60	3e-05	0.01		0		2		0.1292	0.0583		0.8586		0.8452		0.3331		0.3493
25		60		60	3e-05	0.01		0		3		0.3292	0.1167		0.7787		0.7797		0.4094		0.4100
25		60		60	3e-05	0.01		0		4		0.1833	0.0917		0.8862		0.8775		0.2966		0.3254
25		60		60	3e-05	0.01		0		5		0.0375	0.0250		0.9568		0.9186		0.1909		0.2249
25		60		60	3e-05	0.01		10		0		0.1708	0.0583		0.8934		0.8928		0.3117		0.3112
25		60		60	3e-05	0.01		20		0		0.1625	0.0833		0.8621		0.8793		0.3235		0.2886
25		30		30	1e-05	0.01		0		0		0.0750	0.0750		0.8914		0.8417		0.2952		0.3530
25		30		30	0.0001	0.01		0		0		0.3875	0.1417		0.8776		0.8614		0.3051		0.3374
25		30		30	0.001	0.01		0		0		0.0417	0.0333		0.9448		0.8989		0.1790		0.2395
25		30		30	3e-05	0.05		0		0		0.0500	0.0667		0.8627		0.8433		0.3137		0.3710
25		30		30	0.0001	0.05		0		0		0.4667	0.1417		0.8446		0.8059		0.3236		0.3960
25		30		30	0.001	0.05		0		0		0.0417	0.0250		0.9245		0.9204		0.2507		0.2337
25		120		120	0.001	0.05		0		0		0.0333	0.0500		0.8993		0.8646		0.2623		0.3355
25		60		60	0.001	0.05		0		0		0.0333	0.0333		0.9177		0.9023		0.2486		0.2530
25		30		30	0.01	0.05		0		0		0.0292	0.0333		0.9254		0.9280		0.2039		0.2126

New Model

